1.1
1.165409404
1.234708253
1.308127827
1.385913155
1.46832384
1.555634919
1.648137785
1.746141157
1.849972114
1.95997718
2.076523488
2.2
2.330818808
2.469416506
2.616255653
2.77182631
2.936647679
3.111269837
3.296275569
3.492282314
3.699944227
3.91995436
4.153046976
4.4
4.661637615
4.938833013
5.232511306
5.54365262
5.873295358
6.222539674
6.592551138
6.984564629
7.399888454
7.83990872
8.306093952
8.8
9.32327523
9.877666025
10.46502261
11.08730524
11.74659072
12.44507935
13.18510228
13.96912926
14.79977691
15.67981744
16.6121879
17.6
18.64655046
19.75533205
20.93004522
22.17461048
23.49318143
24.8901587
26.37020455
27.93825851
29.59955382
31.35963488
33.22437581
35.2
37.29310092
39.5106641
41.86009045
44.34922096
46.98636287
49.7803174
52.74040911
55.87651703
59.19910763
62.71926976
66.44875161
70.4
74.58620184
79.0213282
83.7201809
88.69844191
93.97272573
99.56063479
105.4808182
111.7530341
118.3982153
125.4385395
132.8975032
140.8
149.1724037
158.0426564
167.4403618